280.0	4.73E-23
280.5	1.23E-21
281.0	5.69E-21
281.5	1.57E-19
282.0	1.19E-18
282.5	4.54E-18
283.0	1.85E-17
283.5	3.54E-17
284.0	7.27E-16
284.5	2.49E-15
285.0	8.01E-15
285.5	4.26E-14
286.0	1.37E-13
286.5	8.38E-13
287.0	2.74E-12
287.5	1.09E-11
288.0	6.23E-11
288.5	1.72E-10
289.0	5.63E-10
289.5	2.07E-09
290.0	6.02E-09
290.5	1.38E-08
291.0	3.51E-08
291.5	1.09E-07
292.0	2.68E-07
292.5	4.27E-07
293.0	8.65E-07
293.5	2.27E-06
294.0	4.17E-06
294.5	6.59E-06
295.0	1.23E-05
295.5	2.78E-05
296.0	4.79E-05
296.5	7.13E-05
297.0	9.68E-05
297.5	1.86E-04
298.0	2.90E-04
298.5	3.58E-04
299.0	4.92E-04
299.5	8.61E-04
300.0	1.02E-03
302.01	1.82656E-07
305.3193432	1.94922E-07
308.629745	2.08203E-07
311.9411933	2.0668E-07
315.2536763	2.30781E-07
318.567182	2.49961E-07
321.8816984	2.54297E-07
325.1972137	2.6793E-07
328.5137159	2.82266E-07
331.8311931	3.0082E-07
335.1496332	3.11289E-07
338.4690245	3.24883E-07
341.7893549	3.49805E-07
345.1106126	3.7168E-07
348.4327855	4.275E-07
351.7558618	0.035307723
355.0798294	0.06923718
358.4046766	0.179044058
361.7303913	0.404535951
365.0569616	0.653883956
368.3843755	0.769494618
371.7126212	0.719533037
375.0416867	0.588844419
378.37156	0.470403481
381.7022293	0.396470061
385.0336825	0.345614754
388.3659078	0.29886838
391.6988932	0.252062876
395.0326268	0.214041868
398.3670966	0.200304676
401.7022907	0.228403669
405.0381972	0.330518004
408.3748041	0.506384717
411.7120995	0.73552261
415.0500715	0.943440036
418.388708	1.060747517
421.7279973	1.084083693
425.0679273	1.075697427
428.4084862	1.086274266
431.7496619	1.175371003
435.0914426	1.327267665
438.4338162	1.440683108
441.776771	1.39998266
445.1202948	1.206780827
448.4643759	0.982981672
451.8090022	0.805909692
455.1541619	0.701826434
458.4998429	0.64074486
461.8460334	0.60864491
465.1927214	0.598188065
468.539895	0.593547002
471.8875422	0.578501346
475.2356512	0.558454662
478.5842099	0.560362853
481.9332064	0.592147001
485.2826289	0.664576064
488.6324653	0.770312478
491.9827037	0.888563258
495.3333323	1.006933571
498.6843389	1.108267857
502.0357118	1.185123606
505.387439	1.244292654
508.7395086	1.286446584
512.0919085	1.304530541
515.4446269	1.314140852
518.7976519	1.321669551
522.1509714	1.325583056
525.5045736	1.32488521
528.8584466	1.32624544
532.2125783	1.327853532
535.5669569	1.323898414
538.9215704	1.320169476
542.2764069	1.320794519
545.6314545	1.319972578
548.9867012	1.308773988
552.342135	1.29552033
555.6977441	1.279366911
559.0535165	1.25967875
562.4094402	1.23912781
565.7655034	1.222232339
569.1216941	1.20180368
572.4780003	1.177209315
575.8344102	1.15871686
579.1909117	1.140159591
582.547493	1.117750535
585.9041421	1.103304325
589.2608471	1.092222203
592.6175961	1.084879134
595.974377	1.080725024
599.331178	1.078836577
602.6879872	1.087498753
606.0447925	1.094410269
609.4015821	1.107066277
612.758344	1.125228682
616.1150663	1.146685245
619.4717371	1.167709078
622.8283444	1.185589594
626.1848763	1.206274711
629.5413208	1.216587666
632.897666	1.220123584
636.2539	1.213302758
639.6100108	1.210023751
642.9659866	1.195339892
646.3218152	1.176673837
649.677485	1.160622722
653.0329838	1.14565452
656.3882997	1.138563902
659.7434209	1.094177196
663.0983354	1.123432421
666.4530312	1.161592609
669.8074964	1.208728008
673.1617191	1.243783796
676.5156874	1.254293834
679.8693892	1.236552097
683.2228127	1.199609243
686.575946	1.161553568
689.928777	1.136213137
693.2812939	1.121397012
696.6334847	1.087162549
699.9853375	1.024079462
703.3368403	0.951805108
706.6879813	0.89195938
710.0387484	0.867350899
713.3891298	0.879019641
716.7391135	0.909123347
720.0886875	0.975833491
723.43784	1.052262885
726.7865589	1.131780629
730.1348325	1.193486305
733.4826486	1.214997838
736.8299955	1.205861306
740.1768611	1.186568662
743.5232335	1.202650025
746.8691008	1.285446056
750.214451	1.4800486
753.5592722	1.672180286
756.9035525	2.097114075
760.24728	2.55052272
763.5904426	2.92814377
766.9330285	3.034622718
770.2750258	2.847161916
773.6164224	2.457231348
776.9572064	2.065415056
780.297366	1.800079548
783.6368892	1.669590284
786.975764	1.667360879
790.3139785	1.756936562
793.6515208	1.901624005
796.988379	2.079232963
800.324541	2.201620194
803.659995	2.239490843
806.994729	2.121448098
810.3287311	1.860663976
813.6619894	1.524878838
816.9944919	1.193529006
820.3262267	0.911924913
823.6571818	0.718618976
826.9873453	0.604468499
830.3167053	0.553524143
833.6452499	0.531543195
836.972967	0.57382869
840.2998449	0.655470466
843.6258714	0.76767411
846.9510347	0.904311613
850.2753229	1.043694853
853.5987241	1.152410269
856.9212262	1.195685802
860.2428173	1.164459779
863.5634856	1.079026984
866.883219	0.992750794
870.2020057	0.944297229
873.5198337	0.947387843
876.8366911	0.989644651
880.1525659	1.043181926
883.4674462	1.079499052
886.78132	1.081455255
890.0941755	1.038374125
893.4060006	0.96573906
896.7167835	0.854874889
900.0265123	0.731928488
903.3351749	0.611386285
906.6427594	0.499278313
909.949254	0.400829988
913.2546466	0.319968867
916.5589254	0.255307525
919.8620783	0.204509016
923.1640936	0.16879662
926.4649591	0.144173047
929.7646631	0.132724212
933.0631934	0.144606835
936.3605384	0.159181646
939.6566859	0.179588761
942.951624	0.207693039
946.2453408	0.23782283
949.5378245	0.267772908
952.8290629	0.294294132
956.1190443	0.319297477
959.4077566	0.335653162
962.695188	0.450733961
965.9813264	0.448779993
969.26616	0.44187001
972.5496768	0.448682228
975.8318649	0.454096517
979.1127124	0.453463706
982.3922072	0.458395332
985.6703376	0.472067632
988.9470915	0.48297117
992.2224569	0.508131774
995.4964221	0.528294121
998.768975	0.56469457
1002.040104	0.615630786
1005.309796	0.643729932
1008.578041	0.719531236
1011.844825	0.772966908
1015.110138	0.825522286
1018.373966	0.876245763
1021.636299	0.938489602
1024.897124	0.933284973
1028.156429	0.929814282
1031.414203	0.883006967
1034.670433	0.876711699
1037.925108	0.887554866
1041.178215	0.913429967
1044.429743	0.897552289
1047.679679	0.902349108
1050.928013	1.001915368
1054.174731	0.994780042
1057.419822	1.000153685
1060.663273	1.041488734
1063.905074	0.952133446
1067.145212	0.93022825
1070.383675	0.865263531
1073.620452	0.777576195
1076.855529	0.692291588
1080.088896	0.675723357
1083.32054	0.610745596
1086.55045	0.557840411
1089.778613	0.407321513
1093.005018	0.350496691
1096.229653	0.244266859
1099.452505	7.38281E-08
1102.673563	8.46094E-08
1105.892815	7.80469E-08
1109.110248	8.27344E-08
1112.325852	8.08984E-08
1115.539614	7.46875E-08
1118.751522	8.39063E-08
1121.961564	9.17969E-08
1125.169728	9.35547E-08
1128.376002	1.14414E-07
1131.580375	1.20039E-07
1134.782834	1.34375E-07
1137.983368	1.60195E-07
1141.181964	2.04648E-07
1144.378611	2.43828E-07
1147.573296	3.12188E-07
1148	2.71E-01
1149	2.19E-01
1150	1.22E-01
1151	2.03E-01
1152	2.48E-01
1153	2.38E-01
1154	1.42E-01
1155	3.13E-01
1156	2.81E-01
1157	3.15E-01
1158	3.12E-01
1159	3.37E-01
1160	2.86E-01
1161	3.48E-01
1162	3.50E-01
1163	4.69E-01
1164	4.02E-01
1165	3.89E-01
1166	3.75E-01
1167	4.10E-01
1168	4.20E-01
1169	4.23E-01
1170	4.59E-01
1171	4.48E-01
1172	4.55E-01
1173	4.56E-01
1174	3.37E-01
1175	4.52E-01
1176	4.77E-01
1177	4.72E-01
1178	3.60E-01
1179	4.84E-01
1180	4.41E-01
1181	4.55E-01
1182	3.23E-01
1183	4.39E-01
1184	4.20E-01
1185	4.07E-01
1186	4.77E-01
1187	4.56E-01
1188	3.35E-01
1189	4.16E-01
1190	4.62E-01
1191	4.47E-01
1192	4.73E-01
1193	4.54E-01
1194	4.69E-01
1195	4.47E-01
1196	4.31E-01
1197	4.77E-01
1198	4.34E-01
1199	3.65E-01
1200	4.48E-01
1201	4.37E-01
1202	4.37E-01
1203	4.34E-01
1204	3.62E-01
1205	4.37E-01
1206	4.81E-01
1207	4.30E-01
1208	4.33E-01
1209	4.14E-01
1210	4.53E-01
1211	4.22E-01
1212	4.25E-01
1213	4.70E-01
1214	4.34E-01
1215	4.28E-01
1216	4.66E-01
1217	4.55E-01
1218	4.59E-01
1219	4.47E-01
1220	4.58E-01
1221	4.65E-01
1222	4.51E-01
1223	4.44E-01
1224	4.48E-01
1225	4.62E-01
1226	4.68E-01
1227	4.33E-01
1228	4.67E-01
1229	4.67E-01
1230	4.60E-01
1231	4.72E-01
1232	4.66E-01
1233	4.54E-01
1234	4.70E-01
1235	4.65E-01
1236	4.69E-01
1237	4.63E-01
1238	4.68E-01
1239	4.63E-01
1240	4.61E-01
1241	4.62E-01
1242	4.62E-01
1243	4.58E-01
1244	4.55E-01
1245	4.57E-01
1246	4.59E-01
1247	4.57E-01
1248	4.59E-01
1249	4.60E-01
1250	4.57E-01
1251	4.53E-01
1252	4.51E-01
1253	4.48E-01
1254	4.44E-01
1255	4.51E-01
1256	4.40E-01
1257	4.35E-01
1258	4.45E-01
1259	4.27E-01
1260	4.31E-01
1261	4.11E-01
1262	3.96E-01
1263	4.00E-01
1264	3.71E-01
1265	3.96E-01
1266	3.85E-01
1267	3.88E-01
1268	3.71E-01
1269	2.47E-01
1270	3.87E-01
1271	4.08E-01
1272	4.09E-01
1273	4.06E-01
1274	4.06E-01
1275	4.12E-01
1276	4.17E-01
1277	4.20E-01
1278	4.28E-01
1279	4.25E-01
1280	4.22E-01
1281	4.13E-01
1282	3.73E-01
1283	4.07E-01
1284	4.21E-01
1285	4.24E-01
1286	4.27E-01
1287	4.22E-01
1288	4.20E-01
1289	4.09E-01
1290	4.13E-01
1291	4.18E-01
1292	3.96E-01
1293	4.13E-01
1294	4.04E-01
1295	4.05E-01
1296	3.90E-01
1297	3.71E-01
1298	3.92E-01
1299	4.09E-01
1300	3.53E-01
1301	3.62E-01
1302	3.92E-01
1303	3.46E-01
1304	3.01E-01
1305	3.84E-01
1306	3.85E-01
1307	3.06E-01
1308	3.47E-01
1309	3.84E-01
1310	3.01E-01
1311	3.34E-01
1312	3.33E-01
1313	3.14E-01
1314	2.88E-01
1315	2.86E-01
1316	3.24E-01
1317	3.12E-01
1318	3.33E-01
1319	2.69E-01
1320	2.59E-01
1321	2.99E-01
1322	3.02E-01
1323	2.33E-01
1324	2.62E-01
1325	3.22E-01
1326	2.81E-01
1327	2.66E-01
1328	2.35E-01
1329	1.78E-01
1330	2.29E-01
1331	1.45E-01
1332	1.46E-01
1333	2.03E-01
1334	1.69E-01
1335	2.31E-01
1336	1.83E-01
1337	1.65E-01
1338	1.78E-01
1339	1.77E-01
1340	1.68E-01
1341	1.70E-01
1342	1.78E-01
1343	1.27E-01
1344	7.56E-02
1345	1.09E-01
1346	5.82E-02
1347	6.01E-02
1348	4.75E-03
1349	1.62E-02
1350	1.60E-02
1351	4.63E-03
1352	1.52E-03
1353	9.61E-05
1354	2.90E-04
1355	3.60E-06
1356	4.81E-05
1357	7.18E-05
1358	4.19E-06
1359	7.34E-07
1360	2.14E-06
1361	4.81E-09
1362	1.81E-11
1363	3.16E-06
1364	1.36E-06
1365	9.08E-12
1366	1.28E-05
1367	4.98E-06
1368	1.48E-13
1369	5.17E-07
1370	2.92E-07
1371	1.97E-08
1372	2.75E-06
1373	4.44E-05
1374	1.79E-04
1375	3.23E-04
1376	2.57E-04
1377	1.23E-04
1378	1.11E-03
1379	5.22E-05
1380	8.16E-05
1381	2.37E-06
1382	2.57E-06
1383	4.40E-08
1384	6.17E-07
1385	2.09E-06
1386	2.52E-06
1387	1.99E-04
1388	4.03E-06
1389	5.81E-04
1390	4.93E-04
1391	3.44E-04
1392	2.38E-05
1393	1.16E-04
1394	7.55E-05
1395	6.71E-07
1396	6.32E-09
1397	4.91E-05
1398	1.27E-03
1399	8.12E-04
1400	3.25E-09
1401	1.05E-08
1402	1.84E-03
1403	2.38E-03
1404	7.39E-04
1405	3.64E-07
1406	2.04E-03
1407	1.75E-04
1408	1.65E-03
1409	6.19E-04
1410	4.67E-04
1411	2.11E-03
1412	2.64E-03
1413	2.34E-02
1414	3.64E-04
1415	1.84E-04
1416	3.56E-02
1417	1.18E-02
1418	1.36E-02
1419	2.14E-03
1420	8.27E-03
1421	9.16E-03
1422	4.63E-02
1423	9.22E-03
1424	1.70E-02
1425	2.59E-02
1426	2.78E-02
1427	4.95E-02
1428	4.56E-03
1429	3.80E-02
1430	6.16E-02
1431	5.02E-02
1432	2.52E-03
1433	3.58E-02
1434	2.10E-02
1435	2.14E-02
1436	3.84E-02
1437	2.99E-02
1438	1.33E-02
1439	5.10E-02
1440	3.96E-02
1441	3.18E-02
1442	3.63E-02
1443	4.51E-02
1444	6.18E-02
1445	4.98E-02
1446	2.31E-02
1447	3.62E-02
1448	1.16E-01
1449	1.02E-01
1450	2.74E-02
1451	1.13E-02
1452	6.24E-02
1453	8.20E-02
1454	1.38E-01
1455	6.62E-02
1456	8.85E-02
1457	1.17E-01
1458	1.36E-01
1459	1.63E-01
1460	8.54E-02
1461	9.03E-02
1462	1.31E-01
1463	4.32E-02
1464	1.52E-01
1465	9.34E-02
1466	6.52E-02
1467	3.61E-02
1468	7.69E-02
1469	9.48E-02
1470	4.97E-02
1471	1.78E-02
1472	4.68E-02
1473	7.02E-02
1474	9.73E-02
1475	1.85E-01
1476	6.88E-02
1477	6.97E-02
1478	6.35E-02
1479	1.20E-01
1480	6.06E-02
1481	1.15E-01
1482	5.85E-02
1483	1.49E-01
1484	1.37E-01
1485	1.25E-01
1486	1.23E-01
1487	6.06E-02
1488	9.42E-02
1489	1.90E-01
1490	1.75E-01
1491	1.98E-01
1492	1.64E-01
1493	1.82E-01
1494	2.04E-01
1495	1.83E-01
1496	1.69E-01
1497	2.29E-01
1498	1.90E-01
1499	2.18E-01
1500	2.51E-01
1501	2.66E-01
1502	2.34E-01
1503	1.85E-01
1504	1.60E-01
1505	1.84E-01
1506	2.58E-01
1507	2.55E-01
1508	2.43E-01
1509	1.87E-01
1510	2.71E-01
1511	2.65E-01
1512	2.61E-01
1513	2.42E-01
1514	2.26E-01
1515	2.66E-01
1516	2.57E-01
1517	2.49E-01
1518	2.52E-01
1519	2.44E-01
1520	2.65E-01
1521	2.75E-01
1522	2.64E-01
1523	2.80E-01
1524	2.75E-01
1525	2.59E-01
1526	2.67E-01
1527	2.62E-01
1528	2.79E-01
1529	2.72E-01
1530	2.55E-01
1531	2.70E-01
1532	2.78E-01
1533	2.77E-01
1534	2.69E-01
1535	2.67E-01
1536	2.75E-01
1537	2.73E-01
1538	2.72E-01
1539	2.73E-01
1540	2.65E-01
1541	2.69E-01
1542	2.69E-01
1543	2.72E-01
1544	2.72E-01
1545	2.77E-01
1546	2.75E-01
1547	2.73E-01
1548	2.67E-01
1549	2.73E-01
1550	2.70E-01
1551	2.71E-01
1552	2.72E-01
1553	2.71E-01
1554	2.65E-01
1555	2.68E-01
1556	2.63E-01
1557	2.71E-01
1558	2.68E-01
1559	2.68E-01
1560	2.66E-01
1561	2.70E-01
1562	2.68E-01
1563	2.67E-01
1564	2.63E-01
1565	2.67E-01
1566	2.62E-01
1567	2.63E-01
1568	2.57E-01
1569	2.55E-01
1570	2.42E-01
1571	2.35E-01
1572	2.38E-01
1573	2.34E-01
1574	2.41E-01
1575	2.40E-01
1576	2.47E-01
1577	2.16E-01
1578	2.35E-01
1579	2.37E-01
1580	2.45E-01
1581	2.49E-01
1582	2.42E-01
1583	2.48E-01
1584	2.49E-01
1585	2.59E-01
1586	2.56E-01
1587	2.53E-01
1588	2.51E-01
1589	2.32E-01
1590	2.42E-01
1591	2.42E-01
1592	2.52E-01
1593	2.58E-01
1594	2.56E-01
1595	2.58E-01
1596	2.45E-01
1597	2.47E-01
1598	2.54E-01
1599	2.42E-01
1600	2.38E-01
1601	2.23E-01
1602	2.24E-01
1603	2.24E-01
1604	2.28E-01
1605	2.37E-01
1606	2.41E-01
1607	2.33E-01
1608	2.30E-01
1609	2.27E-01
1610	2.18E-01
1611	2.27E-01
1612	2.31E-01
1613	2.37E-01
1614	2.38E-01
1615	2.41E-01
1616	2.31E-01
1617	2.35E-01
1618	2.44E-01
1619	2.41E-01
1620	2.34E-01
1621	2.34E-01
1622	2.38E-01
1623	2.42E-01
1624	2.43E-01
1625	2.38E-01
1626	2.40E-01
1627	2.41E-01
1628	2.41E-01
1629	2.41E-01
1630	2.37E-01
1631	2.38E-01
1632	2.38E-01
1633	2.33E-01
1634	2.33E-01
1635	2.34E-01
1636	2.35E-01
1637	2.27E-01
1638	2.20E-01
1639	2.20E-01
1640	2.15E-01
1641	2.20E-01
1642	2.21E-01
1643	2.15E-01
1644	2.24E-01
1645	2.18E-01
1646	2.17E-01
1647	2.28E-01
1648	2.17E-01
1649	2.19E-01
1650	2.25E-01
1651	2.09E-01
1652	2.24E-01
1653	2.23E-01
1654	2.16E-01
1655	2.22E-01
1656	2.21E-01
1657	2.22E-01
1658	2.25E-01
1659	2.21E-01
1660	2.23E-01
1661	2.24E-01
1662	2.19E-01
1663	2.22E-01
1664	2.21E-01
1665	2.12E-01
1666	1.79E-01
1667	2.11E-01
1668	2.15E-01
1669	2.15E-01
1670	2.22E-01
1671	2.19E-01
1672	2.11E-01
1673	2.16E-01
1674	2.16E-01
1675	2.14E-01
1676	2.11E-01
1677	2.12E-01
1678	2.09E-01
1679	2.13E-01
1680	2.06E-01
1681	1.94E-01
1682	2.04E-01
1683	2.09E-01
1684	1.98E-01
1685	2.13E-01
1686	2.10E-01
1687	2.05E-01
1688	2.10E-01
1689	2.07E-01
1690	2.05E-01
1691	1.93E-01
1692	2.07E-01
1693	2.11E-01
1694	2.05E-01
1695	2.10E-01
1696	2.09E-01
1697	1.81E-01
1698	2.07E-01
1699	2.06E-01
1700	2.00E-01
1702	2.04E-01
1705	1.98E-01
1710	1.88E-01
1715	1.90E-01
1720	1.87E-01
1725	1.78E-01
1730	1.74E-01
1735	1.62E-01
1740	1.68E-01
1745	1.55E-01
1750	1.66E-01
1755	1.53E-01
1760	1.60E-01
1765	1.33E-01
1770	1.42E-01
1775	1.15E-01
1780	1.01E-01
1785	7.70E-02
1790	8.89E-02
1795	4.69E-02
1800	3.18E-02
1805	1.48E-02
1810	9.69E-03
1815	3.28E-03
1820	9.88E-04
1825	1.27E-03
1830	5.20E-06
1835	6.42E-06
1840	6.27E-08
1845	6.27E-06
1850	3.00E-06
1855	2.84E-07
1860	1.12E-05
1865	1.70E-05
1870	2.67E-10
1875	4.51E-10
1880	7.75E-05
1885	4.39E-05
1890	2.23E-04
1895	1.29E-04
1900	8.62E-07
1905	5.67E-07
1910	2.30E-05
1915	1.99E-05
1920	4.51E-04
1925	9.36E-04
1930	5.52E-04
1935	3.59E-03
1940	3.28E-03
1945	1.09E-02
1950	1.67E-02
1955	1.00E-02
1960	2.19E-02
1965	2.86E-02
1970	4.88E-02
1975	6.79E-02
1980	7.55E-02
1985	8.31E-02
1990	8.56E-02
1995	8.12E-02
2000	3.82E-02
2005	1.50E-02
2010	3.97E-02
2015	2.66E-02
2020	4.50E-02
2025	7.40E-02
2030	8.49E-02
2035	9.64E-02
2040	8.98E-02
2045	9.11E-02
2050	6.79E-02
2055	5.49E-02
2060	6.92E-02
2065	6.19E-02
2070	6.57E-02
2075	7.74E-02
2080	8.68E-02
2085	8.51E-02
2090	8.91E-02
2095	8.97E-02
2100	8.61E-02
2105	9.32E-02
2110	8.97E-02
2115	9.17E-02
2120	8.76E-02
2125	8.86E-02
2130	8.98E-02
2135	9.00E-02
2140	9.08E-02
2145	8.95E-02
2150	8.46E-02
2155	8.48E-02
2160	8.42E-02
2165	7.63E-02
2170	8.20E-02
2175	8.04E-02
2180	8.18E-02
2185	7.46E-02
2190	7.91E-02
2195	7.90E-02
2200	7.12E-02
2205	7.40E-02
2210	7.93E-02
2215	7.63E-02
2220	7.77E-02
2225	7.55E-02
2230	7.58E-02
2235	7.43E-02
2240	7.31E-02
2245	7.08E-02
2250	7.19E-02
2255	6.77E-02
2260	6.69E-02
2265	6.81E-02
2270	6.49E-02
2275	6.40E-02
2280	6.63E-02
2285	6.31E-02
2290	6.32E-02
2295	6.13E-02
2300	5.88E-02
2305	5.92E-02
2310	6.39E-02
2315	5.81E-02
2320	5.20E-02
2325	5.62E-02
2330	5.68E-02
2335	5.80E-02
2340	4.58E-02
2345	5.14E-02
2350	4.15E-02
2355	4.75E-02
2360	5.02E-02
2365	4.94E-02
2370	3.08E-02
2375	4.41E-02
2380	4.26E-02
2385	3.08E-02
2390	3.71E-02
2395	4.06E-02
2400	4.42E-02
2405	3.36E-02
2410	3.38E-02
2415	2.73E-02
2420	2.66E-02
2425	3.31E-02
2430	4.51E-02
2435	1.49E-02
2440	4.32E-02
2445	2.08E-02
2450	1.36E-02
2455	2.49E-02
2460	3.34E-02
2465	2.41E-02
2470	1.67E-02
2475	1.65E-02
2480	8.04E-03
2485	5.61E-03
2490	3.51E-03
2495	2.88E-03
2500	7.06E-03
2505	1.52E-03
2510	2.22E-03
2515	5.19E-04
2520	3.71E-04
2525	4.14E-05
2530	6.36E-07
2535	1.75E-07
2540	3.77E-07
2545	5.38E-11
2550	2.82E-13
2555	1.04E-09
2560	3.10E-11
2565	1.60E-14
2570	1.53E-18
2575	1.08E-27
2580	3.82E-22
2585	1.72E-34
2590	5.48E-31
2595	2.28E-33
2600	4.49E-28
2605	5.81E-35
2610	5.94E-34
2615	1.12E-37
2620	5.65E-29
2625	3.87E-28
2630	2.80E-45
2635	3.90E-16
2640	1.18E-16
2645	9.00E-19
2650	1.43E-19
2655	1.31E-27
2660	2.61E-25
2665	1.11E-37
2670	0.00E+00
2675	0.00E+00
2680	0.00E+00
2685	0.00E+00
2690	1.02E-29
2695	7.13E-33
2700	0.00E+00
2705	2.93E-42
2710	1.13E-35
2715	3.86E-26
2720	5.61E-45
2725	7.29E-22
2730	6.07E-19
2735	5.49E-21
2740	2.33E-27
2745	1.31E-23
2750	1.66E-28
2755	6.73E-44
2760	0.00E+00
2765	2.68E-27
2770	8.38E-24
2775	4.00E-38
2780	4.81E-34
2785	3.89E-27
2790	1.22E-16
2795	3.62E-16
2800	1.65E-12
2805	6.75E-14
2810	4.02E-10
2815	2.87E-10
2820	2.05E-11
2825	1.76E-07
2830	3.90E-06
2835	2.13E-10
2840	1.96E-07
2845	4.06E-05
2850	1.16E-06
2855	4.49E-07
2860	2.54E-05
2865	1.68E-04
2870	6.31E-06
2875	3.92E-04
2880	2.47E-04
2885	4.53E-04
2890	1.86E-04
2895	2.66E-03
2900	8.12E-04
2905	1.11E-04
2910	2.72E-03
2915	1.26E-03
2920	2.89E-03
2925	1.08E-03
2930	5.89E-03
2935	6.49E-03
2940	1.63E-03
2945	1.45E-03
2950	5.23E-03
2955	2.34E-03
2960	4.60E-03
2965	7.44E-03
2970	3.52E-04
2975	8.54E-04
2980	1.34E-03
2985	6.96E-03
2990	1.03E-02
2995	4.28E-03
3000	7.85E-03
3005	2.89E-03
3010	6.85E-03
3015	5.56E-03
3020	6.34E-04
3025	7.50E-03
3030	6.08E-03
3035	2.50E-03
3040	2.02E-03
3045	4.21E-03
3050	1.03E-03
3055	2.89E-04
3060	6.30E-03
3065	2.91E-03
3070	1.75E-03
3075	6.02E-03
3080	3.62E-03
3085	1.77E-03
3090	2.38E-03
3095	6.55E-04
3100	4.40E-03
3105	9.22E-04
3110	8.46E-04
3115	2.27E-03
3120	9.82E-03
3125	3.03E-03
3130	5.76E-03
3135	1.14E-02
3140	3.32E-03
3145	3.25E-03
3150	6.67E-03
3155	5.64E-03
3160	9.23E-03
3165	1.40E-02
3170	1.25E-02
3175	9.23E-03
3180	1.06E-02
3185	8.08E-03
3190	4.24E-03
3195	2.69E-03
3200	4.38E-04
3205	3.10E-04
3210	1.36E-04
3215	4.98E-04
3220	1.61E-03
3225	1.99E-04
3230	3.41E-04
3235	7.29E-03
3240	3.75E-03
3245	7.34E-04
3250	2.61E-03
3255	9.94E-03
3260	1.22E-03
3265	2.45E-03
3270	1.22E-03
3275	5.93E-03
3280	2.86E-03
3285	1.11E-02
3290	8.76E-03
3295	1.22E-03
3300	1.78E-03
3305	3.94E-03
3310	3.92E-03
3315	1.61E-05
3320	6.00E-05
3325	3.52E-03
3330	4.66E-03
3335	9.07E-03
3340	3.46E-03
3345	3.54E-03
3350	8.03E-03
3355	3.63E-03
3360	5.24E-03
3365	7.19E-03
3370	3.94E-03
3375	8.46E-03
3380	5.11E-03
3385	7.49E-03
3390	9.86E-03
3395	9.55E-03
3400	1.25E-02
3405	4.46E-03
3410	7.08E-03
3415	7.28E-03
3420	1.32E-02
3425	1.00E-02
3430	8.69E-03
3435	1.16E-02
3440	8.03E-03
3445	1.13E-02
3450	1.12E-02
3455	8.31E-03
3460	1.25E-02
3465	9.82E-03
3470	1.23E-02
3475	1.09E-02
3480	1.12E-02
3485	1.21E-02
3490	1.04E-02
3495	1.23E-02
3500	1.19E-02
3505	1.18E-02
3510	1.20E-02
3515	1.15E-02
3520	1.21E-02
3525	1.14E-02
3530	1.11E-02
3535	9.46E-03
3540	9.03E-03
3545	9.54E-03
3550	1.05E-02
3555	9.06E-03
3560	1.08E-02
3565	1.09E-02
3570	8.34E-03
3575	8.64E-03
3580	1.02E-02
3585	9.17E-03
3590	9.45E-03
3595	9.67E-03
3600	1.03E-02
3605	1.04E-02
3610	9.48E-03
3615	9.47E-03
3620	1.16E-02
3625	1.02E-02
3630	9.96E-03
3635	1.03E-02
3640	1.15E-02
3645	1.06E-02
3650	1.01E-02
3655	1.10E-02
3660	1.09E-02
3665	1.03E-02
3670	7.90E-03
3675	4.83E-03
3680	8.33E-03
3685	9.44E-03
3690	9.69E-03
3695	1.01E-02
3700	1.09E-02
3705	1.08E-02
3710	9.36E-03
3715	9.23E-03
3720	1.04E-02
3725	1.07E-02
3730	9.27E-03
3735	8.58E-03
3740	8.85E-03
3745	1.03E-02
3750	9.29E-03
3755	8.99E-03
3760	8.86E-03
3765	8.55E-03
3770	9.12E-03
3775	9.05E-03
3780	9.57E-03
3785	8.81E-03
3790	7.76E-03
3795	8.87E-03
3800	9.86E-03
3805	9.30E-03
3810	8.25E-03
3815	7.76E-03
3820	9.66E-03
3825	9.51E-03
3830	9.59E-03
3835	7.69E-03
3840	8.98E-03
3845	8.78E-03
3850	8.83E-03
3855	8.51E-03
3860	7.99E-03
3865	8.10E-03
3870	7.36E-03
3875	6.76E-03
3880	6.53E-03
3885	6.77E-03
3890	6.88E-03
3895	7.48E-03
3900	7.93E-03
3905	7.93E-03
3910	7.14E-03
3915	6.99E-03
3920	6.95E-03
3925	6.85E-03
3930	7.05E-03
3935	7.35E-03
3940	7.40E-03
3945	7.54E-03
3950	7.63E-03
3955	7.72E-03
3960	7.75E-03
3965	7.81E-03
3970	7.68E-03
3975	7.51E-03
3980	7.39E-03
3985	7.43E-03
3990	7.37E-03
3995	7.21E-03
4000	7.10E-03